kro
StratLearner
error_abs: 10.160163483796296 +- 5.64614714578453
error_ratio: 0.35098521527303195 +- 0.2097521889407742
reduce_percent_opt: 0.6144013550453615 +- 0.06428921478566099
reduce_percent_pre: 0.48495018885902297 +- 0.08259866606026874
com_to_opt: 0.7886521203342406 +- 0.09984474110866291

featureNum:40, featureGenMethod: soup, c:0.01 balance_para: 1000
trainNum:27, testNum:270, infTimes:1024 
loss_type:area, LAI_method:fastLazy, 
===============================================================
