kro
StratLearner
error_abs: 14.841395399305556 +- 7.674067555817988
error_ratio: 0.51192535453573 +- 0.2711155618574848
reduce_percent_opt: 0.6147075071938498 +- 0.06275157622791622
reduce_percent_pre: 0.4267227133828654 +- 0.08464323094334465
com_to_opt: 0.6938428068750339 +- 0.11531566110640565

featureNum:10, featureGenMethod: soup, c:0.01 balance_para: 1000
trainNum:54, testNum:270, infTimes:1024 
loss_type:area, LAI_method:fastLazy, 
===============================================================
