kro
StratLearner
error_abs: 15.263548900462963 +- 8.214830961795352
error_ratio: 0.4813516994142576 +- 0.24070521962900662
reduce_percent_opt: 0.617933326078129 +- 0.05857911001621802
reduce_percent_pre: 0.44152180477113084 +- 0.0787883493603292
com_to_opt: 0.714023847410832 +- 0.10507530612043672

featureNum:10, featureGenMethod: soup, c:0.01 balance_para: 1000
trainNum:108, testNum:270, infTimes:1024 
loss_type:area, LAI_method:fastLazy, 
===============================================================
