kro
StratLearner
error_abs: 14.93462818287037 +- 8.205011945882744
error_ratio: 0.4625531348823116 +- 0.242229550762304
reduce_percent_opt: 0.6086437500934012 +- 0.06382312949940736
reduce_percent_pre: 0.43523462011719516 +- 0.08576087167442459
com_to_opt: 0.7137510348425695 +- 0.11112661990438838

featureNum:10, featureGenMethod: soup, c:0.01 balance_para: 1000
trainNum:54, testNum:270, infTimes:1024 
loss_type:area, LAI_method:fastLazy, 
===============================================================
