kro
StratLearner
error_abs: 11.327553530092592 +- 5.407432770604262
error_ratio: 0.3841488953321562 +- 0.203627980864267
reduce_percent_opt: 0.6189753341567763 +- 0.0594240093482295
reduce_percent_pre: 0.4781103664467097 +- 0.07699356861526493
com_to_opt: 0.7720160245654275 +- 0.09542076206213537

featureNum:40, featureGenMethod: soup, c:0.01 balance_para: 1000
trainNum:108, testNum:270, infTimes:1024 
loss_type:area, LAI_method:fastLazy, 
===============================================================
