kro
StratLearner
error_abs: 9.395967158564815 +- 5.0447088142179926
error_ratio: 0.3352136717778772 +- 0.21658000033214847
reduce_percent_opt: 0.6163045442686421 +- 0.06439091645905337
reduce_percent_pre: 0.4935044887520864 +- 0.08258199959860531
com_to_opt: 0.8003846822738429 +- 0.09943642055124045

featureNum:80, featureGenMethod: soup, c:0.01 balance_para: 1000
trainNum:27, testNum:270, infTimes:1024 
loss_type:area, LAI_method:fastLazy, 
===============================================================
