kro
StratLearner
error_abs: 13.411577690972223 +- 7.878986894797497
error_ratio: 0.4533830861981056 +- 0.22867942565123123
reduce_percent_opt: 0.6144151368385745 +- 0.06676551324949859
reduce_percent_pre: 0.44469513657479537 +- 0.09942240605218396
com_to_opt: 0.7204742384454078 +- 0.12409765241026345

featureNum:10, featureGenMethod: soup, c:0.01 balance_para: 1000
trainNum:216, testNum:270, infTimes:1024 
loss_type:area, LAI_method:fastLazy, 
===============================================================
