kro
StratLearner
error_abs: 8.456503182870371 +- 4.696093751598997
error_ratio: 0.2996375988115413 +- 0.2011225120889903
reduce_percent_opt: 0.6115449242181522 +- 0.06558149025841425
reduce_percent_pre: 0.5011241683612978 +- 0.07704229128347953
com_to_opt: 0.819640958669619 +- 0.09083750969937766

featureNum:160, featureGenMethod: soup, c:0.01 balance_para: 1000
trainNum:27, testNum:270, infTimes:1024 
loss_type:area, LAI_method:fastLazy, 
===============================================================
