kro
StratLearner
error_abs: 9.28628833912037 +- 4.5625578839969325
error_ratio: 0.32892895563913344 +- 0.18571728942925114
reduce_percent_opt: 0.6170521205794576 +- 0.058967307027459386
reduce_percent_pre: 0.4971396732675332 +- 0.06536000010148825
com_to_opt: 0.8064116235509348 +- 0.08141440652319731

featureNum:80, featureGenMethod: soup, c:0.01 balance_para: 1000
trainNum:54, testNum:270, infTimes:1024 
loss_type:area, LAI_method:fastLazy, 
===============================================================
