kro
StratLearner
error_abs: 15.423372395833333 +- 8.347907608196982
error_ratio: 0.4979495819030477 +- 0.2515686891928044
reduce_percent_opt: 0.614119401399132 +- 0.06195667799044853
reduce_percent_pre: 0.4289174460420509 +- 0.09125438107925803
com_to_opt: 0.6971317747817505 +- 0.12224249737178922

featureNum:10, featureGenMethod: soup, c:0.01 balance_para: 1000
trainNum:27, testNum:270, infTimes:1024 
loss_type:area, LAI_method:fastLazy, 
===============================================================
