kro
StratLearner
error_abs: 14.199377893518518 +- 7.996098097262499
error_ratio: 0.4842050849799743 +- 0.2549318430782861
reduce_percent_opt: 0.6183220156136039 +- 0.06417441130174258
reduce_percent_pre: 0.44059236457148293 +- 0.09222761254970828
com_to_opt: 0.7110210813897979 +- 0.11759533604944528

featureNum:10, featureGenMethod: soup, c:0.01 balance_para: 1000
trainNum:108, testNum:270, infTimes:1024 
loss_type:area, LAI_method:fastLazy, 
===============================================================
