kro
StratLearner
error_abs: 11.135091145833334 +- 5.516140373021654
error_ratio: 0.42279834902718033 +- 0.2633574473780174
reduce_percent_opt: 0.6221142196867633 +- 0.05857574820908671
reduce_percent_pre: 0.47001822389627423 +- 0.0825113186354822
com_to_opt: 0.7555704908353916 +- 0.11301206479037396

featureNum:40, featureGenMethod: soup, c:0.01 balance_para: 1000
trainNum:216, testNum:270, infTimes:1024 
loss_type:area, LAI_method:fastLazy, 
===============================================================
