kro
StratLearner
error_abs: 9.16560691550926 +- 4.967073461053614
error_ratio: 0.3258430716051197 +- 0.2195984921143189
reduce_percent_opt: 0.6159148404034488 +- 0.06411415954981282
reduce_percent_pre: 0.4967503448166802 +- 0.0811025259605465
com_to_opt: 0.8056765992216179 +- 0.09560962530344823

featureNum:80, featureGenMethod: soup, c:0.01 balance_para: 1000
trainNum:216, testNum:270, infTimes:1024 
loss_type:area, LAI_method:fastLazy, 
===============================================================
