kro
StratLearner
error_abs: 10.776754195601852 +- 5.617488171951271
error_ratio: 0.3703522638900365 +- 0.20929207667145228
reduce_percent_opt: 0.6162139596167604 +- 0.07055836847749951
reduce_percent_pre: 0.48167279644634114 +- 0.08265850562598322
com_to_opt: 0.7806015349536097 +- 0.09068911410638927

featureNum:40, featureGenMethod: soup, c:0.01 balance_para: 1000
trainNum:216, testNum:270, infTimes:1024 
loss_type:area, LAI_method:fastLazy, 
===============================================================
