kro
StratLearner
error_abs: 9.094719328703704 +- 5.09541336495248
error_ratio: 0.30039344446679983 +- 0.20092879872340114
reduce_percent_opt: 0.6057067681877527 +- 0.0635543057500811
reduce_percent_pre: 0.4934250308277885 +- 0.07430637278612257
com_to_opt: 0.8147739964592996 +- 0.08884378998908522

featureNum:80, featureGenMethod: soup, c:0.01 balance_para: 1000
trainNum:54, testNum:270, infTimes:1024 
loss_type:area, LAI_method:fastLazy, 
===============================================================
