kro
StratLearner
error_abs: 9.681539351851852 +- 5.448609580746978
error_ratio: 0.3231104138449118 +- 0.18480170243957736
reduce_percent_opt: 0.6219512366866393 +- 0.0644129573372018
reduce_percent_pre: 0.5036482697349132 +- 0.08451201929910103
com_to_opt: 0.8083197978864969 +- 0.09317164708612485

featureNum:80, featureGenMethod: soup, c:0.01 balance_para: 1000
trainNum:108, testNum:270, infTimes:1024 
loss_type:area, LAI_method:fastLazy, 
===============================================================
