kro
StratLearner
error_abs: 11.380924479166667 +- 5.793641804792875
error_ratio: 0.39210965529854563 +- 0.2475462099707502
reduce_percent_opt: 0.6163886894215111 +- 0.06513077127286114
reduce_percent_pre: 0.47331991737465107 +- 0.08612307831682357
com_to_opt: 0.7677981311346589 +- 0.1106412576846828

featureNum:40, featureGenMethod: soup, c:0.01 balance_para: 1000
trainNum:216, testNum:270, infTimes:1024 
loss_type:area, LAI_method:fastLazy, 
===============================================================
