kro
StratLearner
error_abs: 15.167176649305556 +- 8.007620728742067
error_ratio: 0.48096427047747337 +- 0.21525407526811383
reduce_percent_opt: 0.6116409146316087 +- 0.05763924840223482
reduce_percent_pre: 0.4307146852668987 +- 0.0802936463091567
com_to_opt: 0.7038421748430302 +- 0.10962961425744333

featureNum:10, featureGenMethod: soup, c:0.01 balance_para: 1000
trainNum:27, testNum:270, infTimes:1024 
loss_type:area, LAI_method:fastLazy, 
===============================================================
