kro
StratLearner
error_abs: 14.978034577546296 +- 8.213610979202633
error_ratio: 0.4966515266208837 +- 0.2676902727902606
reduce_percent_opt: 0.6096186485976833 +- 0.064530857726468
reduce_percent_pre: 0.4239591223388593 +- 0.09059304672335805
com_to_opt: 0.6936390913043188 +- 0.11856234206902379

featureNum:10, featureGenMethod: soup, c:0.01 balance_para: 1000
trainNum:108, testNum:270, infTimes:1024 
loss_type:area, LAI_method:fastLazy, 
===============================================================
