kro
StratLearner
error_abs: 9.027915219907408 +- 5.043776479150497
error_ratio: 0.30434360218698464 +- 0.1731888614276135
reduce_percent_opt: 0.6188693663532966 +- 0.0590735540408243
reduce_percent_pre: 0.5061204267557655 +- 0.080373371512896
com_to_opt: 0.8163540714316125 +- 0.09209200632871395

featureNum:80, featureGenMethod: soup, c:0.01 balance_para: 1000
trainNum:108, testNum:270, infTimes:1024 
loss_type:area, LAI_method:fastLazy, 
===============================================================
