kro
StratLearner
error_abs: 8.986440248842593 +- 4.592934116116601
error_ratio: 0.29479684130091816 +- 0.14974189428304355
reduce_percent_opt: 0.6110591985172694 +- 0.06400337101782512
reduce_percent_pre: 0.5009884025280062 +- 0.07128189830975704
com_to_opt: 0.819215173089972 +- 0.07392150301706979

featureNum:80, featureGenMethod: soup, c:0.01 balance_para: 1000
trainNum:27, testNum:270, infTimes:1024 
loss_type:area, LAI_method:fastLazy, 
===============================================================
