kro
StratLearner
error_abs: 10.944990596064814 +- 5.192837039415869
error_ratio: 0.38957086802589724 +- 0.22110023260221676
reduce_percent_opt: 0.6163539196573662 +- 0.06377873774547382
reduce_percent_pre: 0.4741611349877745 +- 0.07669647558514388
com_to_opt: 0.7695114486281805 +- 0.09635105280270768

featureNum:40, featureGenMethod: soup, c:0.01 balance_para: 1000
trainNum:108, testNum:270, infTimes:1024 
loss_type:area, LAI_method:fastLazy, 
===============================================================
