kro
StratLearner
error_abs: 15.050086805555555 +- 8.231505275266485
error_ratio: 0.5139683040617833 +- 0.2472519516225245
reduce_percent_opt: 0.6169561349961613 +- 0.06437890446215876
reduce_percent_pre: 0.42888965183092725 +- 0.08207289900065204
com_to_opt: 0.69452305286772 +- 0.10552703620743709

featureNum:10, featureGenMethod: soup, c:0.01 balance_para: 1000
trainNum:216, testNum:270, infTimes:1024 
loss_type:area, LAI_method:fastLazy, 
===============================================================
