kro
StratLearner
error_abs: 15.264825665509258 +- 8.173829219167233
error_ratio: 0.49108316902372945 +- 0.20446128975544814
reduce_percent_opt: 0.6181090969475199 +- 0.06014918745380591
reduce_percent_pre: 0.435898929390436 +- 0.08675106741158124
com_to_opt: 0.7025801589105716 +- 0.10961981834081531

featureNum:10, featureGenMethod: soup, c:0.01 balance_para: 1000
trainNum:27, testNum:270, infTimes:1024 
loss_type:area, LAI_method:fastLazy, 
===============================================================
