kro
StratLearner
error_abs: 14.479361979166667 +- 7.5532615073974165
error_ratio: 0.4898633500941694 +- 0.250058708989811
reduce_percent_opt: 0.6191057514731355 +- 0.06307327993513508
reduce_percent_pre: 0.43915740080733273 +- 0.09480777607747186
com_to_opt: 0.7068011339952897 +- 0.12390868194758375

featureNum:10, featureGenMethod: soup, c:0.01 balance_para: 1000
trainNum:108, testNum:270, infTimes:1024 
loss_type:area, LAI_method:fastLazy, 
===============================================================
