kro
StratLearner
error_abs: 8.557089120370371 +- 4.569548733181159
error_ratio: 0.2824705032150317 +- 0.16722431735865914
reduce_percent_opt: 0.6182623059385521 +- 0.06436237391853898
reduce_percent_pre: 0.514622261213836 +- 0.07774758248578366
com_to_opt: 0.8313970265471139 +- 0.08168542048186747

featureNum:160, featureGenMethod: soup, c:0.01 balance_para: 1000
trainNum:108, testNum:270, infTimes:1024 
loss_type:area, LAI_method:fastLazy, 
===============================================================
