kro
StratLearner
error_abs: 15.089948640046297 +- 7.692718107282343
error_ratio: 0.4999268807511512 +- 0.2187937965444734
reduce_percent_opt: 0.6114257262077456 +- 0.06595077655897323
reduce_percent_pre: 0.4243671873367271 +- 0.08718165571893881
com_to_opt: 0.6916215845045376 +- 0.11008838699235368

featureNum:10, featureGenMethod: soup, c:0.01 balance_para: 1000
trainNum:27, testNum:270, infTimes:1024 
loss_type:area, LAI_method:fastLazy, 
===============================================================
