kro
StratLearner
error_abs: 11.323010706018518 +- 5.288776562591507
error_ratio: 0.3804228376945916 +- 0.2020325672868691
reduce_percent_opt: 0.612161633693194 +- 0.06266833574345419
reduce_percent_pre: 0.47057398864564276 +- 0.07961841571617656
com_to_opt: 0.7682887272278751 +- 0.0996283985752518

featureNum:40, featureGenMethod: soup, c:0.01 balance_para: 1000
trainNum:54, testNum:270, infTimes:1024 
loss_type:area, LAI_method:fastLazy, 
===============================================================
