kro
StratLearner
error_abs: 10.249725115740741 +- 5.443135053458777
error_ratio: 0.347516657517761 +- 0.19833329659222879
reduce_percent_opt: 0.6114564658126779 +- 0.06532971242079338
reduce_percent_pre: 0.48256363085961923 +- 0.07802340992494082
com_to_opt: 0.7882164630670904 +- 0.08883146469923461

featureNum:40, featureGenMethod: soup, c:0.01 balance_para: 1000
trainNum:216, testNum:270, infTimes:1024 
loss_type:area, LAI_method:fastLazy, 
===============================================================
