kro
StratLearner
error_abs: 9.683148871527777 +- 4.878329101598991
error_ratio: 0.3319045362226827 +- 0.1875775795541796
reduce_percent_opt: 0.6138108483750416 +- 0.06512990001458265
reduce_percent_pre: 0.49168762634248336 +- 0.074862517986733
com_to_opt: 0.8007373952002794 +- 0.08489906072975328

featureNum:80, featureGenMethod: soup, c:0.01 balance_para: 1000
trainNum:108, testNum:270, infTimes:1024 
loss_type:area, LAI_method:fastLazy, 
===============================================================
