kro
StratLearner
error_abs: 11.188755063657407 +- 5.808834169341593
error_ratio: 0.3912818163735407 +- 0.22490098367255532
reduce_percent_opt: 0.6155796058935058 +- 0.06402187335819227
reduce_percent_pre: 0.4708097465235542 +- 0.08739785973676611
com_to_opt: 0.7630470193923387 +- 0.10447716280026714

featureNum:40, featureGenMethod: soup, c:0.01 balance_para: 1000
trainNum:54, testNum:270, infTimes:1024 
loss_type:area, LAI_method:fastLazy, 
===============================================================
