kro
StratLearner
error_abs: 10.612673611111111 +- 5.2096163985819235
error_ratio: 0.36284060393290674 +- 0.23284475721931233
reduce_percent_opt: 0.6118184208887737 +- 0.06239616371809436
reduce_percent_pre: 0.47862310208190373 +- 0.07606510437673769
com_to_opt: 0.7829522891339737 +- 0.0990905931267467

featureNum:40, featureGenMethod: soup, c:0.01 balance_para: 1000
trainNum:54, testNum:270, infTimes:1024 
loss_type:area, LAI_method:fastLazy, 
===============================================================
