kro
StratLearner
error_abs: 15.53998119212963 +- 7.872680879884778
error_ratio: 0.5114074894342248 +- 0.23011346937131608
reduce_percent_opt: 0.6078545429805977 +- 0.07174351188222347
reduce_percent_pre: 0.41576435826155367 +- 0.09388996496731818
com_to_opt: 0.6808566051628328 +- 0.11930489641827549

featureNum:10, featureGenMethod: soup, c:0.01 balance_para: 1000
trainNum:54, testNum:270, infTimes:1024 
loss_type:area, LAI_method:fastLazy, 
===============================================================
