kro
StratLearner
error_abs: 11.04445167824074 +- 5.679459969603657
error_ratio: 0.3607374055483571 +- 0.21038253305029375
reduce_percent_opt: 0.6114624463564545 +- 0.06710967617666283
reduce_percent_pre: 0.47878735496548125 +- 0.07618438084569346
com_to_opt: 0.7832539333143613 +- 0.09068451805228361

featureNum:40, featureGenMethod: soup, c:0.01 balance_para: 1000
trainNum:27, testNum:270, infTimes:1024 
loss_type:area, LAI_method:fastLazy, 
===============================================================
