kro
StratLearner
error_abs: 10.746393952546295 +- 5.315537381822386
error_ratio: 0.38140313914872137 +- 0.22257902294013263
reduce_percent_opt: 0.6215805058047797 +- 0.06623997003388232
reduce_percent_pre: 0.48423476707716956 +- 0.0825107379972091
com_to_opt: 0.7784999720101029 +- 0.09767809859485589

featureNum:40, featureGenMethod: soup, c:0.01 balance_para: 1000
trainNum:108, testNum:270, infTimes:1024 
loss_type:area, LAI_method:fastLazy, 
===============================================================
