kro
StratLearner
error_abs: 16.30248119212963 +- 8.718152638324769
error_ratio: 0.5038154027455013 +- 0.22417329111387568
reduce_percent_opt: 0.6065417550274217 +- 0.060917324419975924
reduce_percent_pre: 0.41524575546649195 +- 0.0837148895971621
com_to_opt: 0.6835232285605974 +- 0.11342199052032781

featureNum:10, featureGenMethod: soup, c:0.01 balance_para: 1000
trainNum:54, testNum:270, infTimes:1024 
loss_type:area, LAI_method:fastLazy, 
===============================================================
