kro
StratLearner
error_abs: 9.66204788773148 +- 5.343264609633356
error_ratio: 0.32895397105944063 +- 0.22355793905583726
reduce_percent_opt: 0.613457640161089 +- 0.06451432746983857
reduce_percent_pre: 0.49280220122784 +- 0.08137190252550568
com_to_opt: 0.8032598263378224 +- 0.10019876947401038

featureNum:80, featureGenMethod: soup, c:0.01 balance_para: 1000
trainNum:216, testNum:270, infTimes:1024 
loss_type:area, LAI_method:fastLazy, 
===============================================================
