kro
StratLearner
error_abs: 14.936125578703704 +- 7.22968819287037
error_ratio: 0.4761869212790292 +- 0.18882509238712722
reduce_percent_opt: 0.6101675744351706 +- 0.059497698406755686
reduce_percent_pre: 0.42921367858676723 +- 0.0859620090704221
com_to_opt: 0.7004548713519425 +- 0.10706485558170693

featureNum:10, featureGenMethod: soup, c:0.01 balance_para: 1000
trainNum:54, testNum:270, infTimes:1024 
loss_type:area, LAI_method:fastLazy, 
===============================================================
