kro
StratLearner
error_abs: 9.171462673611112 +- 4.820859320340429
error_ratio: 0.3279543466934356 +- 0.22482612541962452
reduce_percent_opt: 0.6147942683819198 +- 0.07072397323581864
reduce_percent_pre: 0.49568220524791423 +- 0.08297174987617162
com_to_opt: 0.8055975773033442 +- 0.09166484671264356

featureNum:80, featureGenMethod: soup, c:0.01 balance_para: 1000
trainNum:216, testNum:270, infTimes:1024 
loss_type:area, LAI_method:fastLazy, 
===============================================================
