kro
StratLearner
error_abs: 8.843619791666667 +- 4.957436929948749
error_ratio: 0.29137914074745996 +- 0.18245646455292305
reduce_percent_opt: 0.6072229616451347 +- 0.06574465474114234
reduce_percent_pre: 0.49852748429035393 +- 0.07377315110222231
com_to_opt: 0.8209678611686654 +- 0.08168495363337357

featureNum:80, featureGenMethod: soup, c:0.01 balance_para: 1000
trainNum:27, testNum:270, infTimes:1024 
loss_type:area, LAI_method:fastLazy, 
===============================================================
