kro
StratLearner
error_abs: 10.392357494212963 +- 5.4694906276872715
error_ratio: 0.37984064032484005 +- 0.26680235739491975
reduce_percent_opt: 0.6145347451069822 +- 0.06668312948677631
reduce_percent_pre: 0.47751973444747486 +- 0.07953977415075406
com_to_opt: 0.7778236022346214 +- 0.10173054899689478

featureNum:40, featureGenMethod: soup, c:0.01 balance_para: 1000
trainNum:108, testNum:270, infTimes:1024 
loss_type:area, LAI_method:fastLazy, 
===============================================================
