kro
StratLearner
error_abs: 9.486903211805556 +- 5.081756171114844
error_ratio: 0.3307999027744327 +- 0.20735051680226824
reduce_percent_opt: 0.6126228492435071 +- 0.06699937072878226
reduce_percent_pre: 0.49248110192424155 +- 0.07101372110313532
com_to_opt: 0.8047144111634784 +- 0.08561259428856514

featureNum:80, featureGenMethod: soup, c:0.01 balance_para: 1000
trainNum:27, testNum:270, infTimes:1024 
loss_type:area, LAI_method:fastLazy, 
===============================================================
