kro
StratLearner
error_abs: 10.582863136574074 +- 5.487717118139878
error_ratio: 0.3710110115085805 +- 0.217658613612283
reduce_percent_opt: 0.6112275454245298 +- 0.06598995252714711
reduce_percent_pre: 0.47433181085692167 +- 0.08034193765695298
com_to_opt: 0.7751725596799834 +- 0.09634165997882166

featureNum:40, featureGenMethod: soup, c:0.01 balance_para: 1000
trainNum:54, testNum:270, infTimes:1024 
loss_type:area, LAI_method:fastLazy, 
===============================================================
