kro
StratLearner
error_abs: 9.6265625 +- 5.057042728316339
error_ratio: 0.33278395197240385 +- 0.20545092368454076
reduce_percent_opt: 0.6126364041027532 +- 0.06635174905774445
reduce_percent_pre: 0.48861826509530726 +- 0.08721988873483527
com_to_opt: 0.796001936038362 +- 0.09913316531988813

featureNum:80, featureGenMethod: soup, c:0.01 balance_para: 1000
trainNum:108, testNum:270, infTimes:1024 
loss_type:area, LAI_method:fastLazy, 
===============================================================
