kro
StratLearner
error_abs: 10.72125289351852 +- 5.491335835950626
error_ratio: 0.37578514371407995 +- 0.2522872631443088
reduce_percent_opt: 0.6113644352897684 +- 0.06437793154926694
reduce_percent_pre: 0.47342970771659565 +- 0.08028817033381498
com_to_opt: 0.7743134764168395 +- 0.09997739362893449

featureNum:40, featureGenMethod: soup, c:0.01 balance_para: 1000
trainNum:27, testNum:270, infTimes:1024 
loss_type:area, LAI_method:fastLazy, 
===============================================================
